12
7
0.5889001750558751
16
[[1.62990515 0.87843508 1.29416266 0.48827762]
 [2.05697615 0.93888571 1.55937054 0.62424785]
 [1.59210165 1.09791692 1.31749807 0.47165636]
 [1.28038289 0.64151177 0.8460972  0.35022098]]
[[0.80310314 0.96188234 0.772738   0.00979347]
 [0.41859409 0.42345386 0.68233256 0.53249179]
 [0.56896589 0.54878481 0.67227773 0.21932374]
 [0.60883446 0.99109127 0.25954323 0.75735027]]
2.527825598990045
[[ 0.18165052 -0.01133767  0.07557751 -0.00545059]
 [-0.01133767  0.01532617  0.00427023 -0.03023407]
 [ 0.07557751  0.00427023  0.03852439 -0.02787865]
 [-0.00545059 -0.03023407 -0.02787865  0.09398257]]
